0  0.7654  1.6598  1.1236  0.73698  0.56739  1.11418  0.312789  
0  0.77277  1.66547  1.13474  0.73698  0.56739  1.11418  0.312789  
0.01  0.78014  1.67115  1.14588  0.73698  0.56739  1.11418  0.312789  
0.02  0.787509  1.67682  1.15703  0.73698  0.56739  1.11418  0.312789  
0.03  0.794879  1.6825  1.16817  0.73698  0.56739  1.11418  0.312789  
0.04  0.802249  1.68817  1.17931  0.73698  0.56739  1.11418  0.312789  
0.05  0.809619  1.69384  1.19045  0.73698  0.56739  1.11418  0.312789  
0.06  0.816989  1.69952  1.20159  0.73698  0.56739  1.11418  0.312789  
0.07  0.824358  1.70519  1.21273  0.73698  0.56739  1.11418  0.312789  
0.08  0.831728  1.71087  1.22388  0.73698  0.56739  1.11418  0.312789  
0.09  0.839098  1.71654  1.23502  0.73698  0.56739  1.11418  0.312789  
0.1  0.846468  1.72221  1.24616  0.73698  0.56739  1.11418  0.312789  
0.11  0.853838  1.72789  1.2573  0.73698  0.56739  1.11418  0.312789  
0.12  0.861207  1.73356  1.26844  0.73698  0.56739  1.11418  0.312789  
0.13  0.868577  1.73923  1.27959  0.73698  0.56739  1.11418  0.312789  
0.14  0.875947  1.74491  1.29073  0.73698  0.56739  1.11418  0.312789  
0.15  0.883317  1.75058  1.30187  0.73698  0.56739  1.11418  0.312789  
0.16  0.890687  1.75626  1.31301  0.73698  0.56739  1.11418  0.312789  
0.17  0.898056  1.76193  1.32415  0.73698  0.56739  1.11418  0.312789  
0.18  0.905426  1.7676  1.33529  0.73698  0.56739  1.11418  0.312789  
0.19  0.912796  1.77328  1.34644  0.73698  0.56739  1.11418  0.312789  
0.2  0.920166  1.77895  1.35758  0.73698  0.56739  1.11418  0.312789  
0.21  0.927536  1.78463  1.36872  0.73698  0.56739  1.11418  0.312789  
0.22  0.934905  1.7903  1.37986  0.73698  0.56739  1.11418  0.312789  
0.23  0.942275  1.79597  1.391  0.73698  0.56739  1.11418  0.312789  
0.24  0.949645  1.80165  1.40215  0.73698  0.56739  1.11418  0.312789  
0.25  0.957015  1.80732  1.41329  0.73698  0.56739  1.11418  0.312789  
0.26  0.964385  1.813  1.42443  0.73698  0.56739  1.11418  0.312789  
0.27  0.971754  1.81867  1.43557  0.73698  0.56739  1.11418  0.312789  
0.28  0.979124  1.82434  1.44671  0.73698  0.56739  1.11418  0.312789  
0.29  0.986494  1.83002  1.45785  0.73698  0.56739  1.11418  0.312789  
0.3  0.993864  1.83569  1.469  0.73698  0.56739  1.11418  0.312789  
0.31  1.00123  1.84136  1.48014  0.73698  0.56739  1.11418  0.312789  
0.32  1.0086  1.84704  1.49128  0.73698  0.56739  1.11418  0.312789  
0.33  1.01597  1.85271  1.50242  0.73698  0.56739  1.11418  0.312789  
0.34  1.02334  1.85839  1.51356  0.73698  0.56739  1.11418  0.312789  
0.35  1.03071  1.86406  1.5247  0.73698  0.56739  1.11418  0.312789  
0.36  1.03808  1.86973  1.53585  0.73698  0.56739  1.11418  0.312789  
0.37  1.04545  1.87541  1.54699  0.73698  0.56739  1.11418  0.312789  
0.38  1.05282  1.88108  1.55813  0.73698  0.56739  1.11418  0.312789  
0.39  1.06019  1.88676  1.56927  0.73698  0.56739  1.11418  0.312789  
0.4  1.06756  1.89243  1.58041  0.73698  0.56739  1.11418  0.312789  
0.41  1.07493  1.8981  1.59156  0.73698  0.56739  1.11418  0.312789  
0.42  1.0823  1.90378  1.6027  0.73698  0.56739  1.11418  0.312789  
0.43  1.08967  1.90945  1.61384  0.73698  0.56739  1.11418  0.312789  
0.44  1.09704  1.91513  1.62498  0.73698  0.56739  1.11418  0.312789  
0.45  1.10441  1.9208  1.63612  0.73698  0.56739  1.11418  0.312789  
0.46  1.11178  1.92647  1.64726  0.73698  0.56739  1.11418  0.312789  
0.47  1.11915  1.93215  1.65841  0.73698  0.56739  1.11418  0.312789  
0.48  1.12652  1.93782  1.66955  0.73698  0.56739  1.11418  0.312789  
0.49  1.13389  1.94349  1.68069  0.73698  0.56739  1.11418  0.312789  
0.5  1.14126  1.94917  1.69183  0.73698  0.56739  1.11418  0.312789  
0.51  1.14863  1.95484  1.70297  0.73698  0.56739  1.11418  0.312789  
0.52  1.156  1.96052  1.71412  0.73698  0.56739  1.11418  0.312789  
0.53  1.16337  1.96619  1.72526  0.73698  0.56739  1.11418  0.312789  
0.54  1.17074  1.97186  1.7364  0.73698  0.56739  1.11418  0.312789  
0.55  1.17811  1.97754  1.74754  0.73698  0.56739  1.11418  0.312789  
0.56  1.18548  1.98321  1.75868  0.73698  0.56739  1.11418  0.312789  
0.57  1.19285  1.98889  1.76982  0.73698  0.56739  1.11418  0.312789  
0.58  1.20022  1.99456  1.78097  0.73698  0.56739  1.11418  0.312789  
0.59  1.20759  2.00023  1.79211  0.73698  0.56739  1.11418  0.312789  
0.6  1.21496  2.00591  1.80325  0.73698  0.56739  1.11418  0.312789  
0.61  1.22233  2.01158  1.81439  0.73698  0.56739  1.11418  0.312789  
0.62  1.2297  2.01726  1.82553  0.73698  0.56739  1.11418  0.312789  
0.63  1.23707  2.02293  1.83668  0.73698  0.56739  1.11418  0.312789  
0.64  1.24444  2.0286  1.84782  0.73698  0.56739  1.11418  0.312789  
0.65  1.25181  2.03428  1.85896  0.73698  0.56739  1.11418  0.312789  
0.66  1.25918  2.03995  1.8701  0.73698  0.56739  1.11418  0.312789  
0.67  1.26655  2.04563  1.88124  0.73698  0.56739  1.11418  0.312789  
0.68  1.27392  2.0513  1.89238  0.73698  0.56739  1.11418  0.312789  
0.69  1.28129  2.05697  1.90353  0.73698  0.56739  1.11418  0.312789  
0.7  1.28866  2.06265  1.91467  0.73698  0.56739  1.11418  0.312789  
0.71  1.29603  2.06832  1.92581  0.73698  0.56739  1.11418  0.312789  
0.72  1.3034  2.07399  1.93695  0.73698  0.56739  1.11418  0.312789  
0.73  1.31077  2.07967  1.94809  0.73698  0.56739  1.11418  0.312789  
0.74  1.31813  2.08534  1.95924  0.73698  0.56739  1.11418  0.312789  
0.75  1.3255  2.09102  1.97038  0.73698  0.56739  1.11418  0.312789  
0.76  1.33287  2.09669  1.98152  0.73698  0.56739  1.11418  0.312789  
0.77  1.34024  2.10236  1.99266  0.73698  0.56739  1.11418  0.312789  
0.78  1.34761  2.10804  2.0038  0.73698  0.56739  1.11418  0.312789  
0.79  1.35498  2.11371  2.01494  0.73698  0.56739  1.11418  0.312789  
0.8  1.36235  2.11939  2.02609  0.73698  0.56739  1.11418  0.312789  
0.81  1.36972  2.12506  2.03723  0.73698  0.56739  1.11418  0.312789  
0.82  1.37709  2.13073  2.04837  0.73698  0.56739  1.11418  0.312789  
0.83  1.38446  2.13641  2.05951  0.73698  0.56739  1.11418  0.312789  
0.84  1.39183  2.14208  2.07065  0.73698  0.56739  1.11418  0.312789  
0.85  1.3992  2.14776  2.08179  0.73698  0.56739  1.11418  0.312789  
0.86  1.40657  2.15343  2.09294  0.73698  0.56739  1.11418  0.312789  
0.87  1.41394  2.1591  2.10408  0.73698  0.56739  1.11418  0.312789  
0.88  1.42131  2.16478  2.11522  0.73698  0.56739  1.11418  0.312789  
0.89  1.42868  2.17045  2.12636  0.73698  0.56739  1.11418  0.312789  
0.9  1.43605  2.17612  2.1375  0.73698  0.56739  1.11418  0.312789  
0.91  1.44342  2.1818  2.14865  0.73698  0.56739  1.11418  0.312789  
0.92  1.45079  2.18747  2.15979  0.73698  0.56739  1.11418  0.312789  
0.93  1.45816  2.19315  2.17093  0.73698  0.56739  1.11418  0.312789  
0.94  1.46553  2.19882  2.18207  0.73698  0.56739  1.11418  0.312789  
0.95  1.4729  2.20449  2.19321  0.73698  0.56739  1.11418  0.312789  
0.96  1.48027  2.21017  2.20435  0.73698  0.56739  1.11418  0.312789  
0.97  1.48764  2.21584  2.2155  0.73698  0.56739  1.11418  0.312789  
0.98  1.49501  2.22152  2.22664  0.73698  0.56739  1.11418  0.312789  
0.99  1.50238  2.22719  2.23778  0.73698  0.56739  1.11418  0.312789  
1  1.50975  2.23286  2.24892  0.73698  0.56739  1.11418  0.312789  
1.01  1.51712  2.23854  2.26006  0.73698  0.56739  1.11418  0.312789  
1.02  1.52449  2.24421  2.27121  0.73698  0.56739  1.11418  0.317672  
1.03  1.53186  2.24989  2.28182  0.73698  0.56739  1.0612  0.331532  
1.04  1.53923  2.25556  2.29099  0.73698  0.56739  0.917605  0.339146  
1.05  1.5466  2.26123  2.29795  0.73698  0.56739  0.695666  0.337968  
1.06  1.55397  2.26691  2.30209  0.73698  0.56739  0.414329  0.328852  
1.07  1.56134  2.27242  2.30307  0.73698  0.551105  0.097615  0.31789  
1.08  1.56871  2.2773  2.3008  0.73698  0.487765  -0.227433  0.305277  
1.09  1.57608  2.28112  2.29546  0.73698  0.382778  -0.533063  0.295231  
1.1  1.58345  2.28357  2.28753  0.73698  0.245109  -0.793178  0.291108  
1.11  1.59082  2.28444  2.27768  0.73698  0.0865112  -0.985569  0.294286  
1.12  1.59819  2.28365  2.26674  0.73698  -0.0794729  -1.09381  0.303705  
1.13  1.60556  2.28126  2.25565  0.73698  -0.238671  -1.10866  0.305136  
1.14  1.61293  2.27748  2.24457  0.73698  -0.377491  -1.10866  0.304081  
1.15  1.6203  2.27264  2.23348  0.73698  -0.48408  -1.10866  0.305365  
1.16  1.62767  2.26715  2.22239  0.73698  -0.549337  -1.10866  0.308559  
1.17  1.63504  2.26147  2.21131  0.73698  -0.567689  -1.10866  0.311017  
1.18  1.64241  2.2558  2.20022  0.73698  -0.567689  -1.10866  0.311017  
1.19  1.64978  2.25012  2.18913  0.73698  -0.567689  -1.10866  0.311017  
1.2  1.65715  2.24444  2.17805  0.73698  -0.567689  -1.10866  0.311017  
1.21  1.66452  2.23876  2.16696  0.73698  -0.567689  -1.10866  0.311017  
1.22  1.67189  2.23309  2.15587  0.73698  -0.567689  -1.10866  0.311017  
1.23  1.67926  2.22741  2.14479  0.73698  -0.567689  -1.10866  0.311017  
1.24  1.68662  2.22173  2.1337  0.73698  -0.567689  -1.10866  0.311017  
1.25  1.69399  2.21606  2.12261  0.73698  -0.567689  -1.10866  0.311017  
1.26  1.70136  2.21038  2.11153  0.73698  -0.567689  -1.10866  0.311017  
1.27  1.70873  2.2047  2.10044  0.73698  -0.567689  -1.10866  0.311017  
1.28  1.7161  2.19903  2.08935  0.73698  -0.567689  -1.10866  0.311017  
1.29  1.72347  2.19335  2.07827  0.73698  -0.567689  -1.10866  0.311017  
1.3  1.73084  2.18767  2.06718  0.73698  -0.567689  -1.10866  0.311017  
1.31  1.73821  2.182  2.05609  0.73698  -0.567689  -1.10866  0.311017  
1.32  1.74558  2.17632  2.04501  0.73698  -0.567689  -1.10866  0.311017  
1.33  1.75295  2.17064  2.03392  0.73698  -0.567689  -1.10866  0.311017  
1.34  1.76032  2.16497  2.02283  0.73698  -0.567689  -1.10866  0.311017  
1.35  1.76769  2.15929  2.01175  0.73698  -0.567689  -1.10866  0.311017  
1.36  1.77506  2.15361  2.00066  0.73698  -0.567689  -1.10866  0.311017  
1.37  1.78243  2.14793  1.98957  0.73698  -0.567689  -1.10866  0.311017  
1.38  1.7898  2.14226  1.97849  0.73698  -0.567689  -1.10866  0.311017  
1.39  1.79717  2.13658  1.9674  0.73698  -0.567689  -1.10866  0.311017  
1.4  1.80454  2.1309  1.95631  0.73698  -0.567689  -1.10866  0.311017  
1.41  1.81191  2.12523  1.94523  0.73698  -0.567689  -1.10866  0.311017  
1.42  1.81928  2.11955  1.93414  0.73698  -0.567689  -1.10866  0.311017  
1.43  1.82665  2.11387  1.92306  0.73698  -0.567689  -1.10866  0.311017  
1.44  1.83402  2.1082  1.91197  0.73698  -0.567689  -1.10866  0.311017  
1.45  1.84139  2.10252  1.90088  0.73698  -0.567689  -1.10866  0.311017  
1.46  1.84876  2.09684  1.8898  0.73698  -0.567689  -1.10866  0.311017  
1.47  1.85613  2.09117  1.87871  0.73698  -0.567689  -1.10866  0.311017  
1.48  1.8635  2.08549  1.86762  0.73698  -0.567689  -1.10866  0.311017  
1.49  1.87087  2.07981  1.85654  0.73698  -0.567689  -1.10866  0.311017  
1.5  1.87824  2.07414  1.84545  0.73698  -0.567689  -1.10866  0.311017  
1.51  1.88561  2.06846  1.83436  0.73698  -0.567689  -1.10866  0.311017  
1.52  1.89298  2.06278  1.82328  0.73698  -0.567689  -1.10866  0.311017  
1.53  1.90035  2.0571  1.81219  0.73698  -0.567689  -1.10866  0.311017  
1.54  1.90772  2.05143  1.8011  0.73698  -0.567689  -1.10866  0.311017  
1.55  1.91509  2.04575  1.79002  0.73698  -0.567689  -1.10866  0.311017  
1.56  1.92246  2.04007  1.77893  0.73698  -0.567689  -1.10866  0.311017  
1.57  1.92983  2.0344  1.76784  0.73698  -0.567689  -1.10866  0.311017  
1.58  1.9372  2.02872  1.75676  0.73698  -0.567689  -1.10866  0.311017  
1.59  1.94457  2.02304  1.74567  0.73698  -0.567689  -1.10866  0.311017  
1.6  1.95194  2.01737  1.73458  0.73698  -0.567689  -1.10866  0.311017  
1.61  1.95931  2.01169  1.7235  0.73698  -0.567689  -1.10866  0.311017  
1.62  1.96668  2.00601  1.71241  0.73698  -0.567689  -1.10866  0.311017  
1.63  1.97405  2.00034  1.70132  0.73698  -0.567689  -1.10866  0.311017  
1.64  1.98142  1.99466  1.69024  0.73698  -0.567689  -1.10866  0.311017  
1.65  1.98879  1.98898  1.67915  0.73698  -0.567689  -1.10866  0.311017  
1.66  1.99616  1.9833  1.66806  0.73698  -0.567689  -1.10866  0.311017  
1.67  2.00353  1.97763  1.65698  0.73698  -0.567689  -1.10866  0.311017  
1.68  2.0109  1.97195  1.64589  0.73698  -0.567689  -1.10866  0.311017  
1.69  2.01827  1.96627  1.6348  0.73698  -0.567689  -1.10866  0.311017  
1.7  2.02564  1.9606  1.62372  0.73698  -0.567689  -1.10866  0.311017  
1.71  2.03301  1.95492  1.61263  0.73698  -0.567689  -1.10866  0.311017  
1.72  2.04038  1.94924  1.60154  0.73698  -0.567689  -1.10866  0.311017  
1.73  2.04775  1.94357  1.59046  0.73698  -0.567689  -1.10866  0.311017  
1.74  2.05511  1.93789  1.57937  0.73698  -0.567689  -1.10866  0.311017  
1.75  2.06248  1.93221  1.56828  0.73698  -0.567689  -1.10866  0.311017  
1.76  2.06985  1.92654  1.5572  0.73698  -0.567689  -1.10866  0.311017  
1.77  2.07722  1.92086  1.54611  0.73698  -0.567689  -1.10866  0.311017  
1.78  2.08459  1.91518  1.53503  0.73698  -0.567689  -1.10866  0.311017  
1.79  2.09196  1.90951  1.52394  0.73698  -0.567689  -1.10866  0.311017  
1.8  2.09933  1.90383  1.51285  0.73698  -0.567689  -1.10866  0.311017  
1.81  2.1067  1.89815  1.50177  0.73698  -0.567689  -1.10866  0.311017  
1.82  2.11407  1.89247  1.49068  0.73698  -0.567689  -1.10866  0.311017  
1.83  2.12144  1.8868  1.47959  0.73698  -0.567689  -1.10866  0.311017  
1.84  2.12881  1.88112  1.46851  0.73698  -0.567689  -1.10866  0.311017  
1.85  2.13618  1.87544  1.45742  0.73698  -0.567689  -1.10866  0.311017  
1.86  2.14355  1.86977  1.44633  0.73698  -0.567689  -1.10866  0.311017  
1.87  2.15092  1.86409  1.43525  0.73698  -0.567689  -1.10866  0.311017  
1.88  2.15829  1.85841  1.42416  0.73698  -0.567689  -1.10866  0.311017  
1.89  2.16566  1.85274  1.41307  0.73698  -0.567689  -1.10866  0.311017  
1.9  2.17303  1.84706  1.40199  0.73698  -0.567689  -1.10866  0.311017  
1.91  2.1804  1.84138  1.3909  0.73698  -0.567689  -1.10866  0.311017  
1.92  2.18777  1.83571  1.37981  0.73698  -0.567689  -1.10866  0.311017  
1.93  2.19514  1.83003  1.36873  0.73698  -0.567689  -1.10866  0.311017  
1.94  2.20251  1.82435  1.35764  0.73698  -0.567689  -1.10866  0.311017  
1.95  2.20988  1.81867  1.34655  0.73698  -0.567689  -1.10866  0.311017  
1.96  2.21725  1.813  1.33547  0.73698  -0.567689  -1.10866  0.311017  
1.97  2.22462  1.80732  1.32438  0.73698  -0.567689  -1.10866  0.311017  
1.98  2.23199  1.80164  1.31329  0.73698  -0.567689  -1.10866  0.311017  
1.99  2.23936  1.79597  1.30221  0.73698  -0.567689  -1.10866  0.311017  
2  2.24673  1.79029  1.29112  0.73698  -0.567689  -1.10866  0.311017  
2.01  2.2541  1.78461  1.28003  0.73698  -0.567689  -1.10866  0.311017  
2.02  2.26147  1.77894  1.26895  0.73698  -0.567689  -1.10866  0.311017  
2.03  2.26884  1.77326  1.25786  0.73698  -0.567689  -1.10866  0.312886  
2.04  2.27588  1.76758  1.24677  0.7042  -0.567689  -1.10866  0.319014  
2.05  2.28199  1.76191  1.23569  0.611293  -0.567689  -1.10866  0.32247  
2.06  2.28666  1.75623  1.2246  0.466192  -0.567689  -1.10866  0.322099  
2.07  2.28947  1.75055  1.21351  0.281287  -0.567689  -1.10866  0.318025  
2.08  2.29019  1.74488  1.20243  0.0723642  -0.567689  -1.10866  0.31161  
2.09  2.28877  1.7392  1.19134  -0.142737  -0.567689  -1.10866  0.304998  
2.1  2.28531  1.73352  1.18025  -0.345651  -0.567689  -1.10866  0.300399  
2.11  2.28012  1.72784  1.16917  -0.519052  -0.567689  -1.10866  0.29935  
2.12  2.27364  1.72217  1.15808  -0.648136  -0.567689  -1.10866  0.302201  
2.13  2.26642  1.71649  1.14699  -0.721879  -0.567689  -1.10866  0.308001  
2.14  2.25908  1.71081  1.13591  -0.733986  -0.567689  -1.10866  0.310363  
2.15  2.25174  1.70514  1.12482  -0.733986  -0.567689  -1.10866  0.310363  
2.16  2.2444  1.69946  1.11374  -0.733986  -0.567689  -1.10866  0.310363  
2.17  2.23706  1.69378  1.10265  -0.733986  -0.567689  -1.10866  0.310363  
2.18  2.22972  1.68811  1.09156  -0.733986  -0.567689  -1.10866  0.310363  
2.19  2.22238  1.68243  1.08048  -0.733986  -0.567689  -1.10866  0.310363  
2.2  2.21504  1.67675  1.06939  -0.733986  -0.567689  -1.10866  0.310363  
2.21  2.2077  1.67108  1.0583  -0.733986  -0.567689  -1.10866  0.310363  
2.22  2.20036  1.6654  1.04722  -0.733986  -0.567689  -1.10866  0.310363  
2.23  2.19302  1.65972  1.03613  -0.733986  -0.567689  -1.10866  0.310363  
2.24  2.18568  1.65404  1.02504  -0.733986  -0.567689  -1.10866  0.310363  
2.25  2.17834  1.64837  1.01396  -0.733986  -0.567689  -1.10866  0.310363  
2.26  2.171  1.64269  1.00287  -0.733986  -0.567689  -1.10866  0.310363  
2.27  2.16366  1.63701  0.991783  -0.733986  -0.567689  -1.10866  0.310363  
2.28  2.15632  1.63134  0.980696  -0.733986  -0.567689  -1.10866  0.310363  
2.29  2.14898  1.62566  0.96961  -0.733986  -0.567689  -1.10866  0.310363  
2.3  2.14164  1.61998  0.958523  -0.733986  -0.567689  -1.10866  0.310363  
2.31  2.1343  1.61431  0.947436  -0.733986  -0.567689  -1.10866  0.310363  
2.32  2.12696  1.60863  0.93635  -0.733986  -0.567689  -1.10866  0.310363  
2.33  2.11962  1.60295  0.925263  -0.733986  -0.567689  -1.10866  0.310363  
2.34  2.11228  1.59728  0.914177  -0.733986  -0.567689  -1.10866  0.310363  
2.35  2.10494  1.5916  0.90309  -0.733986  -0.567689  -1.10866  0.310363  
2.36  2.0976  1.58592  0.892004  -0.733986  -0.567689  -1.10866  0.310363  
2.37  2.09026  1.58025  0.880917  -0.733986  -0.567689  -1.10866  0.310363  
2.38  2.08292  1.57457  0.86983  -0.733986  -0.567689  -1.10866  0.310363  
2.39  2.07558  1.56889  0.858744  -0.733986  -0.567689  -1.10866  0.310363  
2.4  2.06824  1.56321  0.847657  -0.733986  -0.567689  -1.10866  0.310363  
2.41  2.0609  1.55754  0.836571  -0.733986  -0.567689  -1.10866  0.310363  
2.42  2.05356  1.55186  0.825484  -0.733986  -0.567689  -1.10866  0.310363  
2.43  2.04622  1.54618  0.814398  -0.733986  -0.567689  -1.10866  0.310363  
2.44  2.03888  1.54051  0.803311  -0.733986  -0.567689  -1.10866  0.310363  
2.45  2.03154  1.53483  0.792224  -0.733986  -0.567689  -1.10866  0.310363  
2.46  2.0242  1.52915  0.781138  -0.733986  -0.567689  -1.10866  0.310363  
2.47  2.01686  1.52348  0.770051  -0.733986  -0.567689  -1.10866  0.310363  
2.48  2.00952  1.5178  0.758965  -0.733986  -0.567689  -1.10866  0.310363  
2.49  2.00218  1.51212  0.747878  -0.733986  -0.567689  -1.10866  0.310363  
2.5  1.99484  1.50645  0.736792  -0.733986  -0.567689  -1.10866  0.310363  
2.51  1.9875  1.50077  0.725705  -0.733986  -0.567689  -1.10866  0.310363  
2.52  1.98016  1.49509  0.714618  -0.733986  -0.567689  -1.10866  0.310363  
2.53  1.97282  1.48941  0.703532  -0.733986  -0.567689  -1.10866  0.310363  
2.54  1.96548  1.48374  0.692445  -0.733986  -0.567689  -1.10866  0.310363  
2.55  1.95814  1.47806  0.681359  -0.733986  -0.567689  -1.10866  0.310363  
2.56  1.9508  1.47238  0.670272  -0.733986  -0.567689  -1.10866  0.310363  
2.57  1.94346  1.46671  0.659186  -0.733986  -0.567689  -1.10866  0.310363  
2.58  1.93612  1.46103  0.648099  -0.733986  -0.567689  -1.10866  0.310363  
2.59  1.92878  1.45535  0.637012  -0.733986  -0.567689  -1.10866  0.310363  
2.6  1.92144  1.44968  0.625926  -0.733986  -0.567689  -1.10866  0.310363  
2.61  1.9141  1.444  0.614839  -0.733986  -0.567689  -1.10866  0.310363  
2.62  1.90676  1.43832  0.603753  -0.733986  -0.567689  -1.10866  0.310363  
2.63  1.89942  1.43265  0.592666  -0.733986  -0.567689  -1.10866  0.310363  
2.64  1.89208  1.42697  0.58158  -0.733986  -0.567689  -1.10866  0.310363  
2.65  1.88475  1.42129  0.570493  -0.733986  -0.567689  -1.10866  0.310363  
2.66  1.87741  1.41562  0.559406  -0.733986  -0.567689  -1.10866  0.310363  
2.67  1.87007  1.40994  0.54832  -0.733986  -0.567689  -1.10866  0.310363  
2.68  1.86273  1.40426  0.537233  -0.733986  -0.567689  -1.10866  0.310363  
2.69  1.85539  1.39858  0.526147  -0.733986  -0.567689  -1.10866  0.310363  
2.7  1.84805  1.39291  0.51506  -0.733986  -0.567689  -1.10866  0.310363  
2.71  1.84071  1.38723  0.503973  -0.733986  -0.567689  -1.10866  0.310363  
2.72  1.83337  1.38155  0.492887  -0.733986  -0.567689  -1.10866  0.310363  
2.73  1.82603  1.37588  0.4818  -0.733986  -0.567689  -1.10866  0.310363  
2.74  1.81869  1.3702  0.470714  -0.733986  -0.567689  -1.10866  0.310363  
2.75  1.81135  1.36452  0.459627  -0.733986  -0.567689  -1.10866  0.310363  
2.76  1.80401  1.35885  0.448541  -0.733986  -0.567689  -1.10866  0.310363  
2.77  1.79667  1.35317  0.437454  -0.733986  -0.567689  -1.10866  0.310363  
2.78  1.78933  1.34749  0.426367  -0.733986  -0.567689  -1.10866  0.310363  
2.79  1.78199  1.34182  0.415281  -0.733986  -0.567689  -1.10866  0.310363  
2.8  1.77465  1.33614  0.404194  -0.733986  -0.567689  -1.10866  0.310363  
2.81  1.76731  1.33046  0.393108  -0.733986  -0.567689  -1.10866  0.310363  
2.82  1.75997  1.32479  0.382021  -0.733986  -0.567689  -1.10866  0.310363  
2.83  1.75263  1.31911  0.370935  -0.733986  -0.567689  -1.10866  0.310363  
2.84  1.74529  1.31343  0.359848  -0.733986  -0.567689  -1.10866  0.310363  
2.85  1.73795  1.30775  0.348761  -0.733986  -0.567689  -1.10866  0.310363  
2.86  1.73061  1.30208  0.337675  -0.733986  -0.567689  -1.10866  0.310363  
2.87  1.72327  1.2964  0.326588  -0.733986  -0.567689  -1.10866  0.310363  
2.88  1.71593  1.29072  0.315502  -0.733986  -0.567689  -1.10866  0.310363  
2.89  1.70859  1.28505  0.304415  -0.733986  -0.567689  -1.10866  0.310363  
2.9  1.70125  1.27937  0.293329  -0.733986  -0.567689  -1.10866  0.310363  
2.91  1.69391  1.27369  0.282242  -0.733986  -0.567689  -1.10866  0.310363  
2.92  1.68657  1.26802  0.271155  -0.733986  -0.567689  -1.10866  0.310363  
2.93  1.67923  1.26234  0.260069  -0.733986  -0.567689  -1.10866  0.310363  
2.94  1.67189  1.25666  0.248982  -0.733986  -0.567689  -1.10866  0.310363  
2.95  1.66455  1.25099  0.237896  -0.733986  -0.567689  -1.10866  0.310363  
2.96  1.65721  1.24531  0.226809  -0.733986  -0.567689  -1.10866  0.318869  
2.97  1.64987  1.23963  0.216422  -0.733986  -0.567689  -1.03872  0.331822  
2.98  1.64253  1.23395  0.207621  -0.733986  -0.567689  -0.880096  0.337907  
2.99  1.63519  1.22828  0.201158  -0.733986  -0.567689  -0.646325  0.335088  
3  1.62785  1.2226  0.197584  -0.733986  -0.567689  -0.35737  0.324309  
3.01  1.62051  1.21692  0.197205  -0.733986  -0.567689  -0.0379012  0.309172  
3.02  1.61317  1.21125  0.200053  -0.733986  -0.567689  0.284804  0.294737  
3.03  1.60583  1.20557  0.205885  -0.733986  -0.567689  0.583191  0.285828  
3.04  1.59849  1.19989  0.214203  -0.733986  -0.567689  0.831784  0.285424  
3.05  1.59115  1.19422  0.224296  -0.733986  -0.567689  1.00936  0.293658  
3.06  1.58381  1.18854  0.235304  -0.733986  -0.567689  1.10075  0.307768  
3.07  1.57647  1.18286  0.246311  -0.733986  -0.567689  1.10075  0.307768  
3.08  1.56913  1.17719  0.257319  -0.733986  -0.567689  1.10075  0.307768  
3.09  1.56179  1.17151  0.268326  -0.733986  -0.567689  1.10075  0.307768  
3.1  1.55445  1.16583  0.279334  -0.733986  -0.567689  1.10075  0.307768  
3.11  1.54711  1.16016  0.290341  -0.733986  -0.567689  1.10075  0.307768  
3.12  1.53977  1.15448  0.301349  -0.733986  -0.567689  1.10075  0.307768  
3.13  1.53243  1.1488  0.312356  -0.733986  -0.567689  1.10075  0.307768  
3.14  1.52509  1.14312  0.323364  -0.733986  -0.567689  1.10075  0.307768  
3.15  1.51775  1.13745  0.334371  -0.733986  -0.567689  1.10075  0.307768  
3.16  1.51041  1.13177  0.345379  -0.733986  -0.567689  1.10075  0.307768  
3.17  1.50307  1.12609  0.356386  -0.733986  -0.567689  1.10075  0.307768  
3.18  1.49573  1.12042  0.367394  -0.733986  -0.567689  1.10075  0.307768  
3.19  1.48839  1.11474  0.378401  -0.733986  -0.567689  1.10075  0.307768  
3.2  1.48105  1.10906  0.389409  -0.733986  -0.567689  1.10075  0.307768  
3.21  1.47371  1.10339  0.400416  -0.733986  -0.567689  1.10075  0.307768  
3.22  1.46637  1.09771  0.411424  -0.733986  -0.567689  1.10075  0.307768  
3.23  1.45903  1.09203  0.422431  -0.733986  -0.567689  1.10075  0.307768  
3.24  1.45169  1.08636  0.433438  -0.733986  -0.567689  1.10075  0.307768  
3.25  1.44435  1.08068  0.444446  -0.733986  -0.567689  1.10075  0.307768  
3.26  1.43701  1.075  0.455453  -0.733986  -0.567689  1.10075  0.307768  
3.27  1.42967  1.06932  0.466461  -0.733986  -0.567689  1.10075  0.307768  
3.28  1.42233  1.06365  0.477468  -0.733986  -0.567689  1.10075  0.307768  
3.29  1.41499  1.05797  0.488476  -0.733986  -0.567689  1.10075  0.307768  
3.3  1.40765  1.05229  0.499483  -0.733986  -0.567689  1.10075  0.307768  
3.31  1.40031  1.04662  0.510491  -0.733986  -0.567689  1.10075  0.307768  
3.32  1.39297  1.04094  0.521498  -0.733986  -0.567689  1.10075  0.307768  
3.33  1.38563  1.03526  0.532506  -0.733986  -0.567689  1.10075  0.307768  
3.34  1.37829  1.02959  0.543513  -0.733986  -0.567689  1.10075  0.307768  
3.35  1.37095  1.02391  0.554521  -0.733986  -0.567689  1.10075  0.307768  
3.36  1.36361  1.01823  0.565528  -0.733986  -0.567689  1.10075  0.307768  
3.37  1.35627  1.01256  0.576536  -0.733986  -0.567689  1.10075  0.307768  
3.38  1.34894  1.00688  0.587543  -0.733986  -0.567689  1.10075  0.307768  
3.39  1.3416  1.0012  0.598551  -0.733986  -0.567689  1.10075  0.307768  
3.4  1.33426  0.995525  0.609558  -0.733986  -0.567689  1.10075  0.307768  
3.41  1.32692  0.989848  0.620566  -0.733986  -0.567689  1.10075  0.307768  
3.42  1.31958  0.984171  0.631573  -0.733986  -0.567689  1.10075  0.307768  
3.43  1.31224  0.978494  0.642581  -0.733986  -0.567689  1.10075  0.307768  
3.44  1.3049  0.972818  0.653588  -0.733986  -0.567689  1.10075  0.307768  
3.45  1.29756  0.967141  0.664596  -0.733986  -0.567689  1.10075  0.307768  
3.46  1.29022  0.961464  0.675603  -0.733986  -0.567689  1.10075  0.307768  
3.47  1.28288  0.955787  0.686611  -0.733986  -0.567689  1.10075  0.307768  
3.48  1.27554  0.95011  0.697618  -0.733986  -0.567689  1.10075  0.307768  
3.49  1.2682  0.944433  0.708626  -0.733986  -0.567689  1.10075  0.307768  
3.5  1.26086  0.938756  0.719633  -0.733986  -0.567689  1.10075  0.307768  
3.51  1.25352  0.933079  0.730641  -0.733986  -0.567689  1.10075  0.307768  
3.52  1.24618  0.927402  0.741648  -0.733986  -0.567689  1.10075  0.307768  
3.53  1.23884  0.921726  0.752656  -0.733986  -0.567689  1.10075  0.307768  
3.54  1.2315  0.916049  0.763663  -0.733986  -0.567689  1.10075  0.307768  
3.55  1.22416  0.910372  0.77467  -0.733986  -0.567689  1.10075  0.307768  
3.56  1.21682  0.904695  0.785678  -0.733986  -0.567689  1.10075  0.307768  
3.57  1.20948  0.899018  0.796685  -0.733986  -0.567689  1.10075  0.307768  
3.58  1.20214  0.893341  0.807693  -0.733986  -0.567689  1.10075  0.307768  
3.59  1.1948  0.887664  0.8187  -0.733986  -0.567689  1.10075  0.307768  
3.6  1.18746  0.881987  0.829708  -0.733986  -0.567689  1.10075  0.307768  
3.61  1.18012  0.87631  0.840715  -0.733986  -0.567689  1.10075  0.307768  
3.62  1.17278  0.870634  0.851723  -0.733986  -0.567689  1.10075  0.307768  
3.63  1.16544  0.864957  0.86273  -0.733986  -0.567689  1.10075  0.307768  
3.64  1.1581  0.85928  0.873738  -0.733986  -0.567689  1.10075  0.307768  
3.65  1.15076  0.853603  0.884745  -0.733986  -0.567689  1.10075  0.307768  
3.66  1.14342  0.847926  0.895753  -0.733986  -0.567689  1.10075  0.307768  
3.67  1.13608  0.842249  0.90676  -0.733986  -0.567689  1.10075  0.307768  
3.68  1.12874  0.836572  0.917768  -0.733986  -0.567689  1.10075  0.307768  
3.69  1.1214  0.830895  0.928775  -0.733986  -0.567689  1.10075  0.307768  
3.7  1.11406  0.825218  0.939783  -0.733986  -0.567689  1.10075  0.307768  
3.71  1.10672  0.819541  0.95079  -0.733986  -0.567689  1.10075  0.307768  
3.72  1.09938  0.813865  0.961798  -0.733986  -0.567689  1.10075  0.307768  
3.73  1.09204  0.808188  0.972805  -0.733986  -0.567689  1.10075  0.307768  
3.74  1.0847  0.802511  0.983813  -0.733986  -0.567689  1.10075  0.307768  
3.75  1.07736  0.796834  0.99482  -0.733986  -0.567689  1.10075  0.307768  
3.76  1.07002  0.791157  1.00583  -0.733986  -0.567689  1.10075  0.307768  
3.77  1.06268  0.78548  1.01684  -0.733986  -0.567689  1.10075  0.307768  
3.78  1.05534  0.779803  1.02784  -0.733986  -0.567689  1.10075  0.307768  
3.79  1.048  0.774126  1.03885  -0.733986  -0.567689  1.10075  0.307768  
3.8  1.04066  0.768449  1.04986  -0.733986  -0.567689  1.10075  0.307768  
3.81  1.03332  0.762773  1.06087  -0.733986  -0.567689  1.10075  0.307768  
3.82  1.02598  0.757096  1.07187  -0.733986  -0.567689  1.10075  0.307768  
3.83  1.01864  0.751419  1.08288  -0.733986  -0.567689  1.10075  0.307768  
3.84  1.0113  0.745742  1.09389  -0.733986  -0.567689  1.10075  0.307768  
3.85  1.00396  0.740065  1.10489  -0.733986  -0.567689  1.10075  0.307768  
3.86  0.996622  0.734388  1.1159  -0.733986  -0.567689  1.10075  0.307768  
3.87  0.989282  0.728711  1.12691  -0.733986  -0.567689  1.10075  0.307768  
3.88  0.981942  0.723034  1.13792  -0.733986  -0.567689  1.10075  0.307768  
3.89  0.974602  0.717357  1.14892  -0.733986  -0.567689  1.10075  0.307768  
3.9  0.967262  0.71168  1.15993  -0.733986  -0.567689  1.10075  0.307768  
3.91  0.959922  0.706004  1.17094  -0.733986  -0.567689  1.10075  0.307768  
3.92  0.952582  0.700327  1.18195  -0.733986  -0.567689  1.10075  0.307768  
3.93  0.945243  0.69465  1.19295  -0.733986  -0.567689  1.10075  0.307768  
3.94  0.937903  0.688973  1.20396  -0.733986  -0.567689  1.10075  0.307768  
3.95  0.930563  0.683296  1.21497  -0.733986  -0.567689  1.10075  0.307768  
3.96  0.923223  0.677619  1.22598  -0.733986  -0.567689  1.10075  0.307768  
3.97  0.915883  0.671942  1.23698  -0.733986  -0.567689  1.10075  0.307768  
3.98  0.908543  0.666265  1.24799  -0.733986  -0.567689  1.10075  0.307768  
3.99  0.901203  0.660588  1.259  -0.733986  -0.567689  1.10075  0.307768  
4  0.893864  0.654912  1.27001  -0.733986  -0.567689  1.10075  0.307768  
4.01  0.886524  0.649235  1.28101  -0.733986  -0.567689  1.10075  0.307768  
4.02  0.879184  0.643558  1.29202  -0.733986  -0.567689  1.10075  0.307768  
4.03  0.871844  0.637881  1.30303  -0.733986  -0.567689  1.10075  0.307768  
4.04  0.864504  0.632204  1.31404  -0.733986  -0.567689  1.10075  0.307768  
4.05  0.857164  0.626527  1.32504  -0.733986  -0.567689  1.10075  0.307768  
4.06  0.849824  0.62085  1.33605  -0.733986  -0.567689  1.10075  0.307768  
4.07  0.842484  0.615173  1.34706  -0.733986  -0.567689  1.10075  0.307768  
4.08  0.835145  0.609496  1.35807  -0.733986  -0.567689  1.10075  0.307768  
4.09  0.827805  0.603819  1.36907  -0.733986  -0.567689  1.10075  0.307768  
4.1  0.820465  0.598143  1.38008  -0.733986  -0.567689  1.10075  0.307768  
4.11  0.813125  0.592466  1.39109  -0.733986  -0.567689  1.10075  0.307768  
4.12  0.805785  0.586789  1.4021  -0.733986  -0.567689  1.10075  0.307768  
4.13  0.798445  0.581112  1.4131  -0.733986  -0.567689  1.10075  0.307768  
4.14  0.791105  0.575435  1.42411  -0.733986  -0.567689  1.10075  0.307768  
4.15  0.783766  0.569758  1.43512  -0.733986  -0.567689  1.10075  0.307768  
4.16  0.776426  0.564081  1.44613  -0.733986  -0.567689  1.10075  0.307768  
4.17  0.769086  0.558404  1.45713  -0.733986  -0.567689  1.10075  0.307768  
4.18  0.761746  0.552727  1.46814  -0.733986  -0.567689  1.10075  0.307768  
4.19  0.754406  0.547051  1.47915  -0.733986  -0.567689  1.10075  0.307768  
4.2  0.747066  0.541374  1.49016  -0.733986  -0.567689  1.10075  0.307768  
4.21  0.739726  0.535697  1.50116  -0.733986  -0.567689  1.10075  0.307768  
4.22  0.732387  0.53002  1.51217  -0.733986  -0.567689  1.10075  0.307768  
4.23  0.725047  0.524343  1.52318  -0.733986  -0.567689  1.10075  0.307768  
4.24  0.717707  0.518666  1.53419  -0.733986  -0.567689  1.10075  0.307768  
4.25  0.710367  0.512989  1.54519  -0.733986  -0.567689  1.10075  0.307768  
4.26  0.703027  0.507312  1.5562  -0.733986  -0.567689  1.10075  0.307768  
4.27  0.695687  0.501635  1.56721  -0.733986  -0.567689  1.10075  0.307768  
4.28  0.688347  0.495958  1.57822  -0.733986  -0.567689  1.10075  0.307768  
4.29  0.681008  0.490282  1.58922  -0.733986  -0.567689  1.10075  0.307768  
4.3  0.673668  0.484605  1.60023  -0.733986  -0.567689  1.10075  0.307768  
4.31  0.666328  0.478928  1.61124  -0.733986  -0.567689  1.10075  0.307768  
4.32  0.658988  0.473251  1.62225  -0.733986  -0.567689  1.10075  0.307768  
4.33  0.651648  0.467574  1.63325  -0.733986  -0.567689  1.10075  0.307768  
4.34  0.644308  0.461897  1.64426  -0.733986  -0.567689  1.10075  0.307768  
4.35  0.636968  0.45622  1.65527  -0.733986  -0.567689  1.10075  0.307768  
4.36  0.629628  0.450543  1.66628  -0.733986  -0.567689  1.10075  0.307768  
4.37  0.622289  0.444866  1.67728  -0.733986  -0.567689  1.10075  0.307768  
4.38  0.614949  0.43919  1.68829  -0.733986  -0.567689  1.10075  0.307768  
4.39  0.607609  0.433513  1.6993  -0.733986  -0.567689  1.10075  0.307768  
4.4  0.600269  0.427836  1.71031  -0.733986  -0.567689  1.10075  0.307768  
4.41  0.592929  0.422159  1.72131  -0.733986  -0.567689  1.10075  0.307768  
4.42  0.585589  0.416482  1.73232  -0.733986  -0.567689  1.10075  0.307768  
4.43  0.578249  0.410805  1.74333  -0.733986  -0.567689  1.10075  0.307768  
4.44  0.57091  0.405128  1.75434  -0.733986  -0.567689  1.10075  0.307768  
4.45  0.56357  0.399451  1.76534  -0.733986  -0.567689  1.10075  0.307768  
4.46  0.55623  0.393774  1.77635  -0.733986  -0.567689  1.10075  0.307768  
4.47  0.54889  0.388098  1.78736  -0.733986  -0.567689  1.10075  0.307768  
4.48  0.54155  0.382421  1.79837  -0.733986  -0.567689  1.10075  0.307768  
4.49  0.53421  0.376744  1.80937  -0.733986  -0.567689  1.10075  0.307768  
4.5  0.52687  0.371067  1.82038  -0.733986  -0.567689  1.10075  0.307768  
4.51  0.519531  0.36539  1.83139  -0.733986  -0.567689  1.10075  0.307768  
4.52  0.512191  0.359713  1.8424  -0.733986  -0.567689  1.10075  0.307768  
4.53  0.504851  0.354036  1.8534  -0.733986  -0.567689  1.10075  0.307768  
4.54  0.497511  0.348359  1.86441  -0.733986  -0.567689  1.10075  0.307768  
4.55  0.490171  0.342682  1.87542  -0.733986  -0.567689  1.10075  0.307768  
4.56  0.482831  0.337005  1.88643  -0.733986  -0.567689  1.10075  0.307768  
4.57  0.475491  0.331329  1.89743  -0.733986  -0.567689  1.10075  0.307768  
4.58  0.468151  0.325652  1.90844  -0.733986  -0.567689  1.10075  0.307768  
4.59  0.460812  0.319975  1.91945  -0.733986  -0.567689  1.10075  0.307768  
4.6  0.453472  0.314298  1.93046  -0.733986  -0.567689  1.10075  0.307768  
4.61  0.446132  0.308621  1.94146  -0.733986  -0.567689  1.10075  0.307768  
4.62  0.438792  0.302944  1.95247  -0.733986  -0.567689  1.10075  0.307768  
4.63  0.431452  0.297267  1.96348  -0.733986  -0.567689  1.10075  0.307768  
4.64  0.424112  0.29159  1.97449  -0.733986  -0.567689  1.10075  0.307768  
4.65  0.416772  0.285913  1.98549  -0.733986  -0.567689  1.10075  0.307768  
4.66  0.409433  0.280237  1.9965  -0.733986  -0.567689  1.10075  0.307768  
4.67  0.402093  0.27456  2.00751  -0.733986  -0.567689  1.10075  0.307768  
4.68  0.394753  0.268883  2.01852  -0.733986  -0.567689  1.10075  0.307768  
4.69  0.387413  0.263206  2.02952  -0.733986  -0.567689  1.10075  0.307768  
4.7  0.380073  0.257529  2.04053  -0.733986  -0.567689  1.10075  0.307768  
4.71  0.372733  0.251852  2.05154  -0.733986  -0.567689  1.10075  0.307768  
4.72  0.365393  0.246175  2.06255  -0.733986  -0.567689  1.10075  0.307768  
4.73  0.358054  0.240498  2.07355  -0.733986  -0.567689  1.10075  0.307768  
4.74  0.350714  0.234821  2.08456  -0.733986  -0.567689  1.10075  0.307772  
4.75  0.343374  0.22916  2.09557  -0.733986  -0.566164  1.10075  0.311836  
4.76  0.336034  0.223997  2.10658  -0.733986  -0.516298  1.10075  0.314846  
4.77  0.328694  0.219773  2.11758  -0.733986  -0.422349  1.10075  0.315797  
4.78  0.321354  0.21685  2.12859  -0.733986  -0.292339  1.10075  0.314371  
4.79  0.314014  0.215476  2.1396  -0.733986  -0.137368  1.10075  0.311044  
4.8  0.306674  0.21577  2.15061  -0.733986  0.0293321  1.10075  0.306929  
4.81  0.299335  0.217705  2.16161  -0.733986  0.193528  1.10075  0.3034  
4.82  0.291995  0.221117  2.17262  -0.733986  0.341199  1.10075  0.301638  
4.83  0.284655  0.225714  2.18363  -0.733986  0.459738  1.10075  0.302231  
4.84  0.277315  0.231104  2.19464  -0.733986  0.539023  1.10075  0.304982  
4.85  0.269975  0.236827  2.20564  -0.733986  0.572285  1.10075  0.308546  
4.86  0.262635  0.24255  2.21665  -0.733986  0.572285  1.10075  0.308546  
4.87  0.255295  0.248273  2.22766  -0.733986  0.572285  1.10075  0.308546  
4.88  0.247956  0.253996  2.23867  -0.733986  0.572285  1.10075  0.308546  
4.89  0.240616  0.259719  2.24967  -0.733986  0.572285  1.10075  0.308546  
4.9  0.233276  0.265441  2.26068  -0.733986  0.572285  1.10075  0.308923  
4.91  0.226083  0.271164  2.27169  -0.719265  0.572285  1.10075  0.321121  
4.92  0.219652  0.276887  2.28212  -0.643131  0.572285  1.04364  0.33883  
4.93  0.214531  0.28261  2.2911  -0.512084  0.572285  0.897428  0.346641  
4.94  0.211158  0.288333  2.29784  -0.337314  0.572285  0.674589  0.341944  
4.95  0.20982  0.294056  2.30179  -0.133743  0.572285  0.394151  0.326309  
4.96  0.210633  0.299779  2.30259  0.0812468  0.572285  0.0800593  0.304961  
4.97  0.213526  0.305501  2.30018  0.2893  0.572285  -0.240868  0.285037  
4.98  0.218252  0.311224  2.29477  0.472652  0.572285  -0.541229  0.273195  
4.99  0.224409  0.316947  2.28681  0.615647  0.572285  -0.795379  0.273394  
5  0.23147  0.32267  2.277  0.706077  0.572285  -0.981617  0.285566  
5.01  0.238832  0.328393  2.26616  0.73622  0.572285  -1.08404  0.303783  
5.02  0.246194  0.334116  2.25522  0.73622  0.572285  -1.09391  0.306805  
5.03  0.253556  0.339839  2.24428  0.73622  0.572285  -1.09391  0.306805  
5.04  0.260918  0.345561  2.23334  0.73622  0.572285  -1.09391  0.306805  
5.05  0.268281  0.351284  2.2224  0.73622  0.572285  -1.09391  0.306805  
5.06  0.275643  0.357007  2.21146  0.73622  0.572285  -1.09391  0.306805  
5.07  0.283005  0.36273  2.20052  0.73622  0.572285  -1.09391  0.306805  
5.08  0.290367  0.368453  2.18958  0.73622  0.572285  -1.09391  0.306805  
5.09  0.297729  0.374176  2.17864  0.73622  0.572285  -1.09391  0.306805  
5.1  0.305092  0.379899  2.1677  0.73622  0.572285  -1.09391  0.306805  
5.11  0.312454  0.385621  2.15676  0.73622  0.572285  -1.09391  0.306805  
5.12  0.319816  0.391344  2.14583  0.73622  0.572285  -1.09391  0.306805  
5.13  0.327178  0.397067  2.13489  0.73622  0.572285  -1.09391  0.306805  
5.14  0.33454  0.40279  2.12395  0.73622  0.572285  -1.09391  0.306805  
5.15  0.341903  0.408513  2.11301  0.73622  0.572285  -1.09391  0.306805  
5.16  0.349265  0.414236  2.10207  0.73622  0.572285  -1.09391  0.306805  
5.17  0.356627  0.419959  2.09113  0.73622  0.572285  -1.09391  0.306805  
5.18  0.363989  0.425681  2.08019  0.73622  0.572285  -1.09391  0.306805  
5.19  0.371351  0.431404  2.06925  0.73622  0.572285  -1.09391  0.306805  
5.2  0.378714  0.437127  2.05831  0.73622  0.572285  -1.09391  0.306805  
5.21  0.386076  0.44285  2.04737  0.73622  0.572285  -1.09391  0.306805  
5.22  0.393438  0.448573  2.03643  0.73622  0.572285  -1.09391  0.306805  
5.23  0.4008  0.454296  2.0255  0.73622  0.572285  -1.09391  0.306805  
5.24  0.408162  0.460018  2.01456  0.73622  0.572285  -1.09391  0.306805  
5.25  0.415525  0.465741  2.00362  0.73622  0.572285  -1.09391  0.306805  
5.26  0.422887  0.471464  1.99268  0.73622  0.572285  -1.09391  0.306805  
5.27  0.430249  0.477187  1.98174  0.73622  0.572285  -1.09391  0.306805  
5.28  0.437611  0.48291  1.9708  0.73622  0.572285  -1.09391  0.306805  
5.29  0.444973  0.488633  1.95986  0.73622  0.572285  -1.09391  0.306805  
5.3  0.452336  0.494356  1.94892  0.73622  0.572285  -1.09391  0.306805  
5.31  0.459698  0.500078  1.93798  0.73622  0.572285  -1.09391  0.306805  
5.32  0.46706  0.505801  1.92704  0.73622  0.572285  -1.09391  0.306805  
5.33  0.474422  0.511524  1.91611  0.73622  0.572285  -1.09391  0.306805  
5.34  0.481784  0.517247  1.90517  0.73622  0.572285  -1.09391  0.306805  
5.35  0.489147  0.52297  1.89423  0.73622  0.572285  -1.09391  0.306805  
5.36  0.496509  0.528693  1.88329  0.73622  0.572285  -1.09391  0.306805  
5.37  0.503871  0.534416  1.87235  0.73622  0.572285  -1.09391  0.306805  
5.38  0.511233  0.540138  1.86141  0.73622  0.572285  -1.09391  0.306805  
5.39  0.518595  0.545861  1.85047  0.73622  0.572285  -1.09391  0.306805  
5.4  0.525957  0.551584  1.83953  0.73622  0.572285  -1.09391  0.306805  
5.41  0.53332  0.557307  1.82859  0.73622  0.572285  -1.09391  0.306805  
5.42  0.540682  0.56303  1.81765  0.73622  0.572285  -1.09391  0.306805  
5.43  0.548044  0.568753  1.80671  0.73622  0.572285  -1.09391  0.306805  
5.44  0.555406  0.574476  1.79578  0.73622  0.572285  -1.09391  0.306805  
5.45  0.562768  0.580198  1.78484  0.73622  0.572285  -1.09391  0.306805  
5.46  0.570131  0.585921  1.7739  0.73622  0.572285  -1.09391  0.306805  
5.47  0.577493  0.591644  1.76296  0.73622  0.572285  -1.09391  0.306805  
5.48  0.584855  0.597367  1.75202  0.73622  0.572285  -1.09391  0.306805  
5.49  0.592217  0.60309  1.74108  0.73622  0.572285  -1.09391  0.306805  
5.5  0.599579  0.608813  1.73014  0.73622  0.572285  -1.09391  0.306805  
5.51  0.606942  0.614535  1.7192  0.73622  0.572285  -1.09391  0.306805  
5.52  0.614304  0.620258  1.70826  0.73622  0.572285  -1.09391  0.306805  
5.53  0.621666  0.625981  1.69732  0.73622  0.572285  -1.09391  0.306805  
5.54  0.629028  0.631704  1.68638  0.73622  0.572285  -1.09391  0.306805  
5.55  0.63639  0.637427  1.67545  0.73622  0.572285  -1.09391  0.306805  
5.56  0.643753  0.64315  1.66451  0.73622  0.572285  -1.09391  0.306805  
5.57  0.651115  0.648873  1.65357  0.73622  0.572285  -1.09391  0.306805  
5.58  0.658477  0.654595  1.64263  0.73622  0.572285  -1.09391  0.306805  
5.59  0.665839  0.660318  1.63169  0.73622  0.572285  -1.09391  0.306805  
5.6  0.673201  0.666041  1.62075  0.73622  0.572285  -1.09391  0.306805  
5.61  0.680564  0.671764  1.60981  0.73622  0.572285  -1.09391  0.306805  
5.62  0.687926  0.677487  1.59887  0.73622  0.572285  -1.09391  0.306805  
5.63  0.695288  0.68321  1.58793  0.73622  0.572285  -1.09391  0.306805  
5.64  0.70265  0.688933  1.57699  0.73622  0.572285  -1.09391  0.306805  
5.65  0.710012  0.694655  1.56605  0.73622  0.572285  -1.09391  0.306805  
5.66  0.717375  0.700378  1.55512  0.73622  0.572285  -1.09391  0.306805  
5.67  0.724737  0.706101  1.54418  0.73622  0.572285  -1.09391  0.306805  
5.68  0.732099  0.711824  1.53324  0.73622  0.572285  -1.09391  0.306805  
5.69  0.739461  0.717547  1.5223  0.73622  0.572285  -1.09391  0.306805  
5.7  0.746823  0.72327  1.51136  0.73622  0.572285  -1.09391  0.306805  
5.71  0.754186  0.728993  1.50042  0.73622  0.572285  -1.09391  0.306805  
5.72  0.761548  0.734715  1.48948  0.73622  0.572285  -1.09391  0.306805  
5.73  0.76891  0.740438  1.47854  0.73622  0.572285  -1.09391  0.306805  
5.74  0.776272  0.746161  1.4676  0.73622  0.572285  -1.09391  0.306805  
5.75  0.783634  0.751884  1.45666  0.73622  0.572285  -1.09391  0.306805  
5.76  0.790997  0.757607  1.44572  0.73622  0.572285  -1.09391  0.306805  
5.77  0.798359  0.76333  1.43479  0.73622  0.572285  -1.09391  0.306805  
5.78  0.805721  0.769053  1.42385  0.73622  0.572285  -1.09391  0.306805  
5.79  0.813083  0.774775  1.41291  0.73622  0.572285  -1.09391  0.306805  
5.8  0.820445  0.780498  1.40197  0.73622  0.572285  -1.09391  0.306805  
5.81  0.827808  0.786221  1.39103  0.73622  0.572285  -1.09391  0.306805  
5.82  0.83517  0.791944  1.38009  0.73622  0.572285  -1.09391  0.306805  
5.83  0.842532  0.797667  1.36915  0.73622  0.572285  -1.09391  0.306805  
5.84  0.849894  0.80339  1.35821  0.73622  0.572285  -1.09391  0.306805  
5.85  0.857256  0.809112  1.34727  0.73622  0.572285  -1.09391  0.306805  
5.86  0.864618  0.814835  1.33633  0.73622  0.572285  -1.09391  0.306805  
5.87  0.871981  0.820558  1.3254  0.73622  0.572285  -1.09391  0.306805  
5.88  0.879343  0.826281  1.31446  0.73622  0.572285  -1.09391  0.306805  
5.89  0.886705  0.832004  1.30352  0.73622  0.572285  -1.09391  0.306805  
5.9  0.894067  0.837727  1.29258  0.73622  0.572285  -1.09391  0.306805  
5.91  0.901429  0.84345  1.28164  0.73622  0.572285  -1.09391  0.306805  
5.92  0.908792  0.849172  1.2707  0.73622  0.572285  -1.09391  0.306805  
5.93  0.916154  0.854895  1.25976  0.73622  0.572285  -1.09391  0.306805  
5.94  0.923516  0.860618  1.24882  0.73622  0.572285  -1.09391  0.306805  
5.95  0.930878  0.866341  1.23788  0.73622  0.572285  -1.09391  0.306805  
5.96  0.93824  0.872064  1.22694  0.73622  0.572285  -1.09391  0.306805  
5.97  0.945603  0.877787  1.216  0.73622  0.572285  -1.09391  0.306805  
5.98  0.952965  0.88351  1.20507  0.73622  0.572285  -1.09391  0.306805  
5.99  0.960327  0.889232  1.19413  0.73622  0.572285  -1.09391  0.306805  
6  0.967689  0.894955  1.18319  0.73622  0.572285  -1.09391  0.306805  
6.01  0.975051  0.900678  1.17225  0.73622  0.572285  -1.09391  0.306805  
6.02  0.982414  0.906401  1.16131  0.73622  0.572285  -1.09391  0.306805  
6.03  0.989776  0.912124  1.15037  0.73622  0.572285  -1.09391  0.306805  
6.04  0.997138  0.917847  1.13943  0.73622  0.572285  -1.09391  0.306805  
6.05  1.0045  0.92357  1.12849  0.73622  0.572285  -1.09391  0.306805  
6.06  1.01186  0.929292  1.11755  0.73622  0.572285  -1.09391  0.306805  
6.07  1.01922  0.935015  1.10661  0.73622  0.572285  -1.09391  0.306805  
6.08  1.02659  0.940738  1.09567  0.73622  0.572285  -1.09391  0.306805  
6.09  1.03395  0.946461  1.08474  0.73622  0.572285  -1.09391  0.306805  
6.1  1.04131  0.952184  1.0738  0.73622  0.572285  -1.09391  0.306805  
6.11  1.04867  0.957907  1.06286  0.73622  0.572285  -1.09391  0.306805  
6.12  1.05604  0.963629  1.05192  0.73622  0.572285  -1.09391  0.306805  
6.13  1.0634  0.969352  1.04098  0.73622  0.572285  -1.09391  0.306805  
6.14  1.07076  0.975075  1.03004  0.73622  0.572285  -1.09391  0.306805  
6.15  1.07812  0.980798  1.0191  0.73622  0.572285  -1.09391  0.306805  
6.16  1.08548  0.986521  1.00816  0.73622  0.572285  -1.09391  0.306805  
6.17  1.09285  0.992244  0.997223  0.73622  0.572285  -1.09391  0.306805  
6.18  1.10021  0.997967  0.986284  0.73622  0.572285  -1.09391  0.306805  
6.19  1.10757  1.00369  0.975345  0.73622  0.572285  -1.09391  0.306805  
6.2  1.11493  1.00941  0.964406  0.73622  0.572285  -1.09391  0.306805  
6.21  1.1223  1.01514  0.953466  0.73622  0.572285  -1.09391  0.306805  
6.22  1.12966  1.02086  0.942527  0.73622  0.572285  -1.09391  0.306805  
6.23  1.13702  1.02658  0.931588  0.73622  0.572285  -1.09391  0.306805  
6.24  1.14438  1.0323  0.920649  0.73622  0.572285  -1.09391  0.306805  
6.25  1.15174  1.03803  0.90971  0.73622  0.572285  -1.09391  0.306805  
6.26  1.15911  1.04375  0.898771  0.73622  0.572285  -1.09391  0.306805  
6.27  1.16647  1.04947  0.887832  0.73622  0.572285  -1.09391  0.306805  
6.28  1.17383  1.0552  0.876893  0.73622  0.572285  -1.09391  0.306805  
6.29  1.18119  1.06092  0.865954  0.73622  0.572285  -1.09391  0.306805  
6.3  1.18856  1.06664  0.855015  0.73622  0.572285  -1.09391  0.306805  
6.31  1.19592  1.07236  0.844076  0.73622  0.572285  -1.09391  0.306805  
6.32  1.20328  1.07809  0.833137  0.73622  0.572285  -1.09391  0.306805  
6.33  1.21064  1.08381  0.822198  0.73622  0.572285  -1.09391  0.306805  
6.34  1.218  1.08953  0.811259  0.73622  0.572285  -1.09391  0.306805  
6.35  1.22537  1.09526  0.800319  0.73622  0.572285  -1.09391  0.306805  
6.36  1.23273  1.10098  0.78938  0.73622  0.572285  -1.09391  0.306805  
6.37  1.24009  1.1067  0.778441  0.73622  0.572285  -1.09391  0.306805  
6.38  1.24745  1.11242  0.767502  0.73622  0.572285  -1.09391  0.306805  
6.39  1.25481  1.11815  0.756563  0.73622  0.572285  -1.09391  0.306805  
6.4  1.26218  1.12387  0.745624  0.73622  0.572285  -1.09391  0.306805  
6.41  1.26954  1.12959  0.734685  0.73622  0.572285  -1.09391  0.306805  
6.42  1.2769  1.13532  0.723746  0.73622  0.572285  -1.09391  0.306805  
6.43  1.28426  1.14104  0.712807  0.73622  0.572285  -1.09391  0.306805  
6.44  1.29163  1.14676  0.701868  0.73622  0.572285  -1.09391  0.306805  
6.45  1.29899  1.15248  0.690929  0.73622  0.572285  -1.09391  0.306805  
6.46  1.30635  1.15821  0.67999  0.73622  0.572285  -1.09391  0.306805  
6.47  1.31371  1.16393  0.669051  0.73622  0.572285  -1.09391  0.306805  
6.48  1.32107  1.16965  0.658111  0.73622  0.572285  -1.09391  0.306805  
6.49  1.32844  1.17538  0.647172  0.73622  0.572285  -1.09391  0.306805  
6.5  1.3358  1.1811  0.636233  0.73622  0.572285  -1.09391  0.306805  
6.51  1.34316  1.18682  0.625294  0.73622  0.572285  -1.09391  0.306805  
6.52  1.35052  1.19254  0.614355  0.73622  0.572285  -1.09391  0.306805  
6.53  1.35789  1.19827  0.603416  0.73622  0.572285  -1.09391  0.306805  
6.54  1.36525  1.20399  0.592477  0.73622  0.572285  -1.09391  0.306805  
6.55  1.37261  1.20971  0.581538  0.73622  0.572285  -1.09391  0.306805  
6.56  1.37997  1.21543  0.570599  0.73622  0.572285  -1.09391  0.306805  
6.57  1.38733  1.22116  0.55966  0.73622  0.572285  -1.09391  0.306805  
6.58  1.3947  1.22688  0.548721  0.73622  0.572285  -1.09391  0.306805  
6.59  1.40206  1.2326  0.537782  0.73622  0.572285  -1.09391  0.306805  
6.6  1.40942  1.23833  0.526843  0.73622  0.572285  -1.09391  0.306805  
6.61  1.41678  1.24405  0.515903  0.73622  0.572285  -1.09391  0.306805  
6.62  1.42415  1.24977  0.504964  0.73622  0.572285  -1.09391  0.306805  
6.63  1.43151  1.25549  0.494025  0.73622  0.572285  -1.09391  0.306805  
6.64  1.43887  1.26122  0.483086  0.73622  0.572285  -1.09391  0.306805  
6.65  1.44623  1.26694  0.472147  0.73622  0.572285  -1.09391  0.306805  
6.66  1.45359  1.27266  0.461208  0.73622  0.572285  -1.09391  0.306805  
6.67  1.46096  1.27839  0.450269  0.73622  0.572285  -1.09391  0.306805  
6.68  1.46832  1.28411  0.43933  0.73622  0.572285  -1.09391  0.306805  
6.69  1.47568  1.28983  0.428391  0.73622  0.572285  -1.09391  0.306805  
6.7  1.48304  1.29555  0.417452  0.73622  0.572285  -1.09391  0.306805  
6.71  1.49041  1.30128  0.406513  0.73622  0.572285  -1.09391  0.306805  
6.72  1.49777  1.307  0.395574  0.73622  0.572285  -1.09391  0.306805  
6.73  1.50513  1.31272  0.384635  0.73622  0.572285  -1.09391  0.306805  
6.74  1.51249  1.31845  0.373695  0.73622  0.572285  -1.09391  0.306805  
6.75  1.51985  1.32417  0.362756  0.73622  0.572285  -1.09391  0.306805  
6.76  1.52722  1.32989  0.351817  0.73622  0.572285  -1.09391  0.306805  
6.77  1.53458  1.33561  0.340878  0.73622  0.572285  -1.09391  0.306805  
6.78  1.54194  1.34134  0.329939  0.73622  0.572285  -1.09391  0.306805  
6.79  1.5493  1.34706  0.319  0.73622  0.572285  -1.09391  0.306805  
6.8  1.55666  1.35278  0.308061  0.73622  0.572285  -1.09391  0.306805  
6.81  1.56403  1.35851  0.297122  0.73622  0.572285  -1.09391  0.306805  
6.82  1.57139  1.36423  0.286183  0.73622  0.572285  -1.09391  0.306805  
6.83  1.57875  1.36995  0.275244  0.73622  0.572285  -1.09391  0.306805  
6.84  1.58611  1.37567  0.264305  0.73622  0.572285  -1.09391  0.306805  
6.85  1.59348  1.3814  0.253366  0.73622  0.572285  -1.09391  0.306805  
6.86  1.60084  1.38712  0.242427  0.73622  0.572285  -1.09391  0.306805  
6.87  1.6082  1.39284  0.231488  0.73622  0.572285  -1.09391  0.308369  
6.88  1.61556  1.39857  0.220848  0.73622  0.572285  -1.06392  0.322586  
6.89  1.62292  1.40429  0.211417  0.73622  0.572285  -0.943086  0.331695  
6.9  1.63029  1.41001  0.204  0.73622  0.572285  -0.741732  0.33265  
6.91  1.63765  1.41573  0.19923  0.73622  0.572285  -0.477046  0.325132  
6.92  1.64501  1.42146  0.197513  0.73622  0.572285  -0.171629  0.311654  
6.93  1.65237  1.42718  0.198998  0.73622  0.572285  0.148442  0.296722  
6.94  1.65974  1.4329  0.203556  0.73622  0.572285  0.455839  0.285325  
6.95  1.6671  1.43863  0.210799  0.73622  0.572285  0.724315  0.281273  
6.96  1.67446  1.44435  0.220109  0.73622  0.572285  0.930947  0.285921  
6.97  1.68182  1.45007  0.23069  0.73622  0.572285  1.05809  0.297715  
6.98  1.68918  1.45579  0.241639  0.73622  0.572285  1.09489  0.307125  
6.99  1.69655  1.46152  0.252588  0.73622  0.572285  1.09489  0.307125  
7  1.70391  1.46724  0.263537  0.73622  0.572285  1.09489  0.307125  
7.01  1.71127  1.47296  0.274485  0.73622  0.572285  1.09489  0.307125  
7.02  1.71863  1.47869  0.285434  0.73622  0.572285  1.09489  0.307125  
7.03  1.726  1.48441  0.296383  0.73622  0.572285  1.09489  0.307125  
7.04  1.73336  1.49013  0.307332  0.73622  0.572285  1.09489  0.307125  
7.05  1.74072  1.49585  0.318281  0.73622  0.572285  1.09489  0.307125  
7.06  1.74808  1.50158  0.32923  0.73622  0.572285  1.09489  0.307125  
7.07  1.75544  1.5073  0.340179  0.73622  0.572285  1.09489  0.307125  
7.08  1.76281  1.51302  0.351128  0.73622  0.572285  1.09489  0.307125  
7.09  1.77017  1.51875  0.362077  0.73622  0.572285  1.09489  0.307125  
7.1  1.77753  1.52447  0.373026  0.73622  0.572285  1.09489  0.307125  
7.11  1.78489  1.53019  0.383975  0.73622  0.572285  1.09489  0.307125  
7.12  1.79226  1.53591  0.394924  0.73622  0.572285  1.09489  0.307125  
7.13  1.79962  1.54164  0.405873  0.73622  0.572285  1.09489  0.307125  
7.14  1.80698  1.54736  0.416822  0.73622  0.572285  1.09489  0.307125  
7.15  1.81434  1.55308  0.427771  0.73622  0.572285  1.09489  0.307125  
7.16  1.8217  1.55881  0.43872  0.73622  0.572285  1.09489  0.307125  
7.17  1.82907  1.56453  0.449669  0.73622  0.572285  1.09489  0.307125  
7.18  1.83643  1.57025  0.460617  0.73622  0.572285  1.09489  0.307125  
7.19  1.84379  1.57597  0.471566  0.73622  0.572285  1.09489  0.307125  
7.2  1.85115  1.5817  0.482515  0.73622  0.572285  1.09489  0.307125  
7.21  1.85851  1.58742  0.493464  0.73622  0.572285  1.09489  0.307125  
7.22  1.86588  1.59314  0.504413  0.73622  0.572285  1.09489  0.307125  
7.23  1.87324  1.59887  0.515362  0.73622  0.572285  1.09489  0.307125  
7.24  1.8806  1.60459  0.526311  0.73622  0.572285  1.09489  0.307125  
7.25  1.88796  1.61031  0.53726  0.73622  0.572285  1.09489  0.307125  
7.26  1.89533  1.61603  0.548209  0.73622  0.572285  1.09489  0.307125  
7.27  1.90269  1.62176  0.559158  0.73622  0.572285  1.09489  0.307125  
7.28  1.91005  1.62748  0.570107  0.73622  0.572285  1.09489  0.307125  
7.29  1.91741  1.6332  0.581056  0.73622  0.572285  1.09489  0.307125  
7.3  1.92477  1.63893  0.592005  0.73622  0.572285  1.09489  0.307125  
7.31  1.93214  1.64465  0.602954  0.73622  0.572285  1.09489  0.307125  
7.32  1.9395  1.65037  0.613903  0.73622  0.572285  1.09489  0.307125  
7.33  1.94686  1.65609  0.624852  0.73622  0.572285  1.09489  0.307125  
7.34  1.95422  1.66182  0.6358  0.73622  0.572285  1.09489  0.307125  
7.35  1.96159  1.66754  0.646749  0.73622  0.572285  1.09489  0.307125  
7.36  1.96895  1.67326  0.657698  0.73622  0.572285  1.09489  0.307125  
7.37  1.97631  1.67899  0.668647  0.73622  0.572285  1.09489  0.307125  
7.38  1.98367  1.68471  0.679596  0.73622  0.572285  1.09489  0.307125  
7.39  1.99103  1.69043  0.690545  0.73622  0.572285  1.09489  0.307125  
7.4  1.9984  1.69615  0.701494  0.73622  0.572285  1.09489  0.307125  
7.41  2.00576  1.70188  0.712443  0.73622  0.572285  1.09489  0.307125  
7.42  2.01312  1.7076  0.723392  0.73622  0.572285  1.09489  0.307125  
7.43  2.02048  1.71332  0.734341  0.73622  0.572285  1.09489  0.307125  
7.44  2.02785  1.71905  0.74529  0.73622  0.572285  1.09489  0.307125  
7.45  2.03521  1.72477  0.756239  0.73622  0.572285  1.09489  0.307125  
7.46  2.04257  1.73049  0.767188  0.73622  0.572285  1.09489  0.307125  
7.47  2.04993  1.73621  0.778137  0.73622  0.572285  1.09489  0.307125  
7.48  2.05729  1.74194  0.789086  0.73622  0.572285  1.09489  0.307125  
7.49  2.06466  1.74766  0.800035  0.73622  0.572285  1.09489  0.307125  
7.5  2.07202  1.75338  0.810984  0.73622  0.572285  1.09489  0.307125  
7.51  2.07938  1.75911  0.821932  0.73622  0.572285  1.09489  0.307125  
7.52  2.08674  1.76483  0.832881  0.73622  0.572285  1.09489  0.307125  
7.53  2.09411  1.77055  0.84383  0.73622  0.572285  1.09489  0.307125  
7.54  2.10147  1.77627  0.854779  0.73622  0.572285  1.09489  0.307125  
7.55  2.10883  1.782  0.865728  0.73622  0.572285  1.09489  0.307125  
7.56  2.11619  1.78772  0.876677  0.73622  0.572285  1.09489  0.307125  
7.57  2.12355  1.79344  0.887626  0.73622  0.572285  1.09489  0.307125  
7.58  2.13092  1.79917  0.898575  0.73622  0.572285  1.09489  0.307125  
7.59  2.13828  1.80489  0.909524  0.73622  0.572285  1.09489  0.307125  
7.6  2.14564  1.81061  0.920473  0.73622  0.572285  1.09489  0.307125  
7.61  2.153  1.81633  0.931422  0.73622  0.572285  1.09489  0.307125  
7.62  2.16036  1.82206  0.942371  0.73622  0.572285  1.09489  0.307125  
7.63  2.16773  1.82778  0.95332  0.73622  0.572285  1.09489  0.307125  
7.64  2.17509  1.8335  0.964269  0.73622  0.572285  1.09489  0.307125  
7.65  2.18245  1.83923  0.975218  0.73622  0.572285  1.09489  0.307125  
7.66  2.18981  1.84495  0.986167  0.73622  0.572285  1.09489  0.307125  
7.67  2.19718  1.85067  0.997115  0.73622  0.572285  1.09489  0.307125  
7.68  2.20454  1.85639  1.00806  0.73622  0.572285  1.09489  0.307125  
7.69  2.2119  1.86212  1.01901  0.73622  0.572285  1.09489  0.307125  
7.7  2.21926  1.86784  1.02996  0.73622  0.572285  1.09489  0.307125  
7.71  2.22662  1.87356  1.04091  0.73622  0.572285  1.09489  0.307125  
7.72  2.23399  1.87929  1.05186  0.73622  0.572285  1.09489  0.307125  
7.73  2.24135  1.88501  1.06281  0.73622  0.572285  1.09489  0.307125  
7.74  2.24871  1.89073  1.07376  0.73622  0.572285  1.09489  0.307125  
7.75  2.25607  1.89645  1.08471  0.73622  0.572285  1.09489  0.307125  
7.76  2.26344  1.90218  1.09566  0.73622  0.572285  1.09489  0.307125  
7.77  2.2708  1.9079  1.1066  0.73622  0.572285  1.09489  0.311387  
7.78  2.27766  1.91362  1.11755  0.686716  0.572285  1.09489  0.317002  
7.79  2.28345  1.91935  1.1285  0.578579  0.572285  1.09489  0.31951  
7.8  2.28766  1.92507  1.13945  0.421041  0.572285  1.09489  0.318072  
7.81  2.28994  1.93079  1.1504  0.227554  0.572285  1.09489  0.31317  
7.82  2.29008  1.93651  1.16135  0.014637  0.572285  1.09489  0.306441  
7.83  2.28809  1.94224  1.1723  -0.19953  0.572285  1.09489  0.300135  
7.84  2.28412  1.94796  1.18325  -0.39666  0.572285  1.09489  0.296359  
7.85  2.27852  1.95368  1.1942  -0.559922  0.572285  1.09489  0.296376  
7.86  2.27177  1.95941  1.20515  -0.675376  0.572285  1.09489  0.30018  
7.87  2.26444  1.96513  1.21609  -0.733165  0.572285  1.09489  0.306459  
7.88  2.2571  1.97085  1.22704  -0.733165  0.572285  1.09489  0.306459  
7.89  2.24977  1.97657  1.23799  -0.733165  0.572285  1.09489  0.306459  
7.9  2.24244  1.9823  1.24894  -0.733165  0.572285  1.09489  0.306459  
7.91  2.23511  1.98802  1.25989  -0.733165  0.572285  1.09489  0.306459  
7.92  2.22778  1.99374  1.27084  -0.733165  0.572285  1.09489  0.306459  
7.93  2.22045  1.99947  1.28179  -0.733165  0.572285  1.09489  0.306459  
7.94  2.21312  2.00519  1.29274  -0.733165  0.572285  1.09489  0.306459  
7.95  2.20578  2.01091  1.30369  -0.733165  0.572285  1.09489  0.306459  
7.96  2.19845  2.01663  1.31463  -0.733165  0.572285  1.09489  0.306459  
7.97  2.19112  2.02236  1.32558  -0.733165  0.572285  1.09489  0.306459  
7.98  2.18379  2.02808  1.33653  -0.733165  0.572285  1.09489  0.306459  
7.99  2.17646  2.0338  1.34748  -0.733165  0.572285  1.09489  0.306459  
8  2.16913  2.03953  1.35843  -0.733165  0.572285  1.09489  0.306459  
8.01  2.16179  2.04525  1.36938  -0.733165  0.572285  1.09489  0.306459  
8.02  2.15446  2.05097  1.38033  -0.733165  0.572285  1.09489  0.306459  
8.03  2.14713  2.05669  1.39128  -0.733165  0.572285  1.09489  0.306459  
8.04  2.1398  2.06242  1.40223  -0.733165  0.572285  1.09489  0.306459  
8.05  2.13247  2.06814  1.41318  -0.733165  0.572285  1.09489  0.306459  
8.06  2.12514  2.07386  1.42412  -0.733165  0.572285  1.09489  0.306459  
8.07  2.1178  2.07959  1.43507  -0.733165  0.572285  1.09489  0.306459  
8.08  2.11047  2.08531  1.44602  -0.733165  0.572285  1.09489  0.306459  
8.09  2.10314  2.09103  1.45697  -0.733165  0.572285  1.09489  0.306459  
8.1  2.09581  2.09675  1.46792  -0.733165  0.572285  1.09489  0.306459  
8.11  2.08848  2.10248  1.47887  -0.733165  0.572285  1.09489  0.306459  
8.12  2.08115  2.1082  1.48982  -0.733165  0.572285  1.09489  0.306459  
8.13  2.07381  2.11392  1.50077  -0.733165  0.572285  1.09489  0.306459  
8.14  2.06648  2.11965  1.51172  -0.733165  0.572285  1.09489  0.306459  
8.15  2.05915  2.12537  1.52266  -0.733165  0.572285  1.09489  0.306459  
8.16  2.05182  2.13109  1.53361  -0.733165  0.572285  1.09489  0.306459  
8.17  2.04449  2.13681  1.54456  -0.733165  0.572285  1.09489  0.306459  
8.18  2.03716  2.14254  1.55551  -0.733165  0.572285  1.09489  0.306459  
8.19  2.02982  2.14826  1.56646  -0.733165  0.572285  1.09489  0.306459  
8.2  2.02249  2.15398  1.57741  -0.733165  0.572285  1.09489  0.306459  
8.21  2.01516  2.15971  1.58836  -0.733165  0.572285  1.09489  0.306459  
8.22  2.00783  2.16543  1.59931  -0.733165  0.572285  1.09489  0.306459  
8.23  2.0005  2.17115  1.61026  -0.733165  0.572285  1.09489  0.306459  
8.24  1.99317  2.17687  1.62121  -0.733165  0.572285  1.09489  0.306459  
8.25  1.98583  2.1826  1.63215  -0.733165  0.572285  1.09489  0.306459  
8.26  1.9785  2.18832  1.6431  -0.733165  0.572285  1.09489  0.306459  
8.27  1.97117  2.19404  1.65405  -0.733165  0.572285  1.09489  0.306459  
8.28  1.96384  2.19977  1.665  -0.733165  0.572285  1.09489  0.306459  
8.29  1.95651  2.20549  1.67595  -0.733165  0.572285  1.09489  0.306459  
8.3  1.94918  2.21121  1.6869  -0.733165  0.572285  1.09489  0.306459  
8.31  1.94184  2.21693  1.69785  -0.733165  0.572285  1.09489  0.306459  
8.32  1.93451  2.22266  1.7088  -0.733165  0.572285  1.09489  0.306459  
8.33  1.92718  2.22838  1.71975  -0.733165  0.572285  1.09489  0.306459  
8.34  1.91985  2.2341  1.73069  -0.733165  0.572285  1.09489  0.306459  
8.35  1.91252  2.23983  1.74164  -0.733165  0.572285  1.09489  0.306459  
8.36  1.90519  2.24555  1.75259  -0.733165  0.572285  1.09489  0.306459  
8.37  1.89785  2.25127  1.76354  -0.733165  0.572285  1.09489  0.306459  
8.38  1.89052  2.25699  1.77449  -0.733165  0.572285  1.09489  0.306459  
8.39  1.88319  2.26272  1.78544  -0.733165  0.572285  1.09489  0.306459  
8.4  1.87586  2.26844  1.79639  -0.733165  0.572285  1.09489  0.307959  
8.41  1.86853  2.27387  1.80734  -0.733165  0.542915  1.09489  0.311568  
8.42  1.8612  2.27854  1.81829  -0.733165  0.467189  1.09489  0.313484  
8.43  1.85386  2.28206  1.82923  -0.733165  0.351574  1.09489  0.313066  
8.44  1.84653  2.28412  1.84018  -0.733165  0.20594  1.09489  0.310454  
8.45  1.8392  2.28454  1.85113  -0.733165  0.0427219  1.09489  0.306522  
8.46  1.83187  2.2833  1.86208  -0.733165  -0.124144  1.09489  0.302582  
8.47  1.82454  2.2805  1.87303  -0.733165  -0.280409  1.09489  0.299953  
8.48  1.81721  2.27637  1.88398  -0.733165  -0.412733  1.09489  0.299513  
8.49  1.80987  2.27127  1.89493  -0.733165  -0.509816  1.09489  0.301409  
8.5  1.80254  2.26564  1.90588  -0.733165  -0.56337  1.09489  0.305007  
8.51  1.79521  2.25995  1.91683  -0.733165  -0.568822  1.09489  0.305872  
8.52  1.78788  2.25426  1.92778  -0.733165  -0.568822  1.09489  0.305872  
8.53  1.78055  2.24857  1.93872  -0.733165  -0.568822  1.09489  0.305872  
8.54  1.77322  2.24289  1.94967  -0.733165  -0.568822  1.09489  0.305872  
8.55  1.76588  2.2372  1.96062  -0.733165  -0.568822  1.09489  0.305872  
8.56  1.75855  2.23151  1.97157  -0.733165  -0.568822  1.09489  0.305872  
8.57  1.75122  2.22582  1.98252  -0.733165  -0.568822  1.09489  0.305872  
8.58  1.74389  2.22013  1.99347  -0.733165  -0.568822  1.09489  0.305872  
8.59  1.73656  2.21444  2.00442  -0.733165  -0.568822  1.09489  0.305872  
8.6  1.72923  2.20876  2.01537  -0.733165  -0.568822  1.09489  0.305872  
8.61  1.72189  2.20307  2.02632  -0.733165  -0.568822  1.09489  0.305872  
8.62  1.71456  2.19738  2.03726  -0.733165  -0.568822  1.09489  0.305872  
8.63  1.70723  2.19169  2.04821  -0.733165  -0.568822  1.09489  0.305872  
8.64  1.6999  2.186  2.05916  -0.733165  -0.568822  1.09489  0.305872  
8.65  1.69257  2.18032  2.07011  -0.733165  -0.568822  1.09489  0.305872  
8.66  1.68524  2.17463  2.08106  -0.733165  -0.568822  1.09489  0.305872  
8.67  1.6779  2.16894  2.09201  -0.733165  -0.568822  1.09489  0.305872  
8.68  1.67057  2.16325  2.10296  -0.733165  -0.568822  1.09489  0.305872  
8.69  1.66324  2.15756  2.11391  -0.733165  -0.568822  1.09489  0.305872  
8.7  1.65591  2.15187  2.12486  -0.733165  -0.568822  1.09489  0.305872  
8.71  1.64858  2.14619  2.13581  -0.733165  -0.568822  1.09489  0.305872  
8.72  1.64125  2.1405  2.14675  -0.733165  -0.568822  1.09489  0.305872  
8.73  1.63391  2.13481  2.1577  -0.733165  -0.568822  1.09489  0.305872  
8.74  1.62658  2.12912  2.16865  -0.733165  -0.568822  1.09489  0.305872  
8.75  1.61925  2.12343  2.1796  -0.733165  -0.568822  1.09489  0.305872  
8.76  1.61192  2.11774  2.19055  -0.733165  -0.568822  1.09489  0.305872  
8.77  1.60459  2.11206  2.2015  -0.733165  -0.568822  1.09489  0.305872  
8.78  1.59726  2.10637  2.21245  -0.733165  -0.568822  1.09489  0.305872  
8.79  1.58992  2.10068  2.2234  -0.733165  -0.568822  1.09489  0.305872  
8.8  1.58259  2.09499  2.23435  -0.733165  -0.568822  1.09489  0.305872  
8.81  1.57526  2.0893  2.24529  -0.733165  -0.568822  1.09489  0.305872  
8.82  1.56793  2.08362  2.25624  -0.733165  -0.568822  1.09489  0.305872  
8.83  1.5606  2.07793  2.26719  -0.733165  -0.568822  1.09489  0.306481  
8.84  1.55327  2.07224  2.27795  -0.733165  -0.568822  1.07617  0.321113  
8.85  1.54593  2.06655  2.28761  -0.733165  -0.568822  0.965568  0.331117  
8.86  1.5386  2.06086  2.29534  -0.733165  -0.568822  0.772518  0.333149  
8.87  1.53127  2.05517  2.30047  -0.733165  -0.568822  0.513509  0.326531  
8.88  1.52394  2.04949  2.30258  -0.733165  -0.568822  0.210655  0.313474  
8.89  1.51661  2.0438  2.30147  -0.733165  -0.568822  -0.110185  0.298342  
8.9  1.50928  2.03811  2.29726  -0.733165  -0.568822  -0.421618  0.286194  
8.91  1.50194  2.03242  2.29029  -0.733165  -0.568822  -0.697051  0.281089  
8.92  1.49461  2.02673  2.28116  -0.733165  -0.568822  -0.912969  0.284734  
8.93  1.48728  2.02105  2.27065  -0.733165  -0.568822  -1.05093  0.295911  
8.94  1.47995  2.01536  2.25966  -0.733165  -0.568822  -1.09917  0.307264  
8.95  1.47262  2.00967  2.24867  -0.733165  -0.568822  -1.09917  0.307264  
8.96  1.46529  2.00398  2.23767  -0.733165  -0.568822  -1.09917  0.307264  
8.97  1.45795  1.99829  2.22668  -0.733165  -0.568822  -1.09917  0.307264  
8.98  1.45062  1.9926  2.21569  -0.733165  -0.568822  -1.09917  0.307264  
8.99  1.44329  1.98692  2.2047  -0.733165  -0.568822  -1.09917  0.307264  
9  1.43596  1.98123  2.19371  -0.733165  -0.568822  -1.09917  0.307264  
9.01  1.42863  1.97554  2.18272  -0.733165  -0.568822  -1.09917  0.307264  
9.02  1.4213  1.96985  2.17172  -0.733165  -0.568822  -1.09917  0.307264  
9.03  1.41397  1.96416  2.16073  -0.733165  -0.568822  -1.09917  0.307264  
9.04  1.40663  1.95847  2.14974  -0.733165  -0.568822  -1.09917  0.307264  
9.05  1.3993  1.95279  2.13875  -0.733165  -0.568822  -1.09917  0.307264  
9.06  1.39197  1.9471  2.12776  -0.733165  -0.568822  -1.09917  0.307264  
9.07  1.38464  1.94141  2.11677  -0.733165  -0.568822  -1.09917  0.307264  
9.08  1.37731  1.93572  2.10577  -0.733165  -0.568822  -1.09917  0.307264  
9.09  1.36998  1.93003  2.09478  -0.733165  -0.568822  -1.09917  0.307264  
9.1  1.36264  1.92435  2.08379  -0.733165  -0.568822  -1.09917  0.307264  
9.11  1.35531  1.91866  2.0728  -0.733165  -0.568822  -1.09917  0.307264  
9.12  1.34798  1.91297  2.06181  -0.733165  -0.568822  -1.09917  0.307264  
9.13  1.34065  1.90728  2.05082  -0.733165  -0.568822  -1.09917  0.307264  
9.14  1.33332  1.90159  2.03982  -0.733165  -0.568822  -1.09917  0.307264  
9.15  1.32599  1.8959  2.02883  -0.733165  -0.568822  -1.09917  0.307264  
9.16  1.31865  1.89022  2.01784  -0.733165  -0.568822  -1.09917  0.307264  
9.17  1.31132  1.88453  2.00685  -0.733165  -0.568822  -1.09917  0.307264  
9.18  1.30399  1.87884  1.99586  -0.733165  -0.568822  -1.09917  0.307264  
9.19  1.29666  1.87315  1.98487  -0.733165  -0.568822  -1.09917  0.307264  
9.2  1.28933  1.86746  1.97387  -0.733165  -0.568822  -1.09917  0.307264  
9.21  1.282  1.86178  1.96288  -0.733165  -0.568822  -1.09917  0.307264  
9.22  1.27466  1.85609  1.95189  -0.733165  -0.568822  -1.09917  0.307264  
9.23  1.26733  1.8504  1.9409  -0.733165  -0.568822  -1.09917  0.307264  
9.24  1.26  1.84471  1.92991  -0.733165  -0.568822  -1.09917  0.307264  
9.25  1.25267  1.83902  1.91892  -0.733165  -0.568822  -1.09917  0.307264  
9.26  1.24534  1.83333  1.90792  -0.733165  -0.568822  -1.09917  0.307264  
9.27  1.23801  1.82765  1.89693  -0.733165  -0.568822  -1.09917  0.307264  
9.28  1.23067  1.82196  1.88594  -0.733165  -0.568822  -1.09917  0.307264  
9.29  1.22334  1.81627  1.87495  -0.733165  -0.568822  -1.09917  0.307264  
9.3  1.21601  1.81058  1.86396  -0.733165  -0.568822  -1.09917  0.307264  
9.31  1.20868  1.80489  1.85297  -0.733165  -0.568822  -1.09917  0.307264  
9.32  1.20135  1.7992  1.84197  -0.733165  -0.568822  -1.09917  0.307264  
9.33  1.19402  1.79352  1.83098  -0.733165  -0.568822  -1.09917  0.307264  
9.34  1.18668  1.78783  1.81999  -0.733165  -0.568822  -1.09917  0.307264  
9.35  1.17935  1.78214  1.809  -0.733165  -0.568822  -1.09917  0.307264  
9.36  1.17202  1.77645  1.79801  -0.733165  -0.568822  -1.09917  0.307264  
9.37  1.16469  1.77076  1.78702  -0.733165  -0.568822  -1.09917  0.307264  
9.38  1.15736  1.76508  1.77602  -0.733165  -0.568822  -1.09917  0.307264  
9.39  1.15003  1.75939  1.76503  -0.733165  -0.568822  -1.09917  0.307264  
9.4  1.14269  1.7537  1.75404  -0.733165  -0.568822  -1.09917  0.307264  
9.41  1.13536  1.74801  1.74305  -0.733165  -0.568822  -1.09917  0.307264  
9.42  1.12803  1.74232  1.73206  -0.733165  -0.568822  -1.09917  0.307264  
9.43  1.1207  1.73663  1.72107  -0.733165  -0.568822  -1.09917  0.307264  
9.44  1.11337  1.73095  1.71007  -0.733165  -0.568822  -1.09917  0.307264  
9.45  1.10604  1.72526  1.69908  -0.733165  -0.568822  -1.09917  0.307264  
9.46  1.0987  1.71957  1.68809  -0.733165  -0.568822  -1.09917  0.307264  
9.47  1.09137  1.71388  1.6771  -0.733165  -0.568822  -1.09917  0.307264  
9.48  1.08404  1.70819  1.66611  -0.733165  -0.568822  -1.09917  0.307264  
9.49  1.07671  1.70251  1.65512  -0.733165  -0.568822  -1.09917  0.307264  
9.5  1.06938  1.69682  1.64412  -0.733165  -0.568822  -1.09917  0.307264  
9.51  1.06205  1.69113  1.63313  -0.733165  -0.568822  -1.09917  0.307264  
9.52  1.05471  1.68544  1.62214  -0.733165  -0.568822  -1.09917  0.307264  
9.53  1.04738  1.67975  1.61115  -0.733165  -0.568822  -1.09917  0.307264  
9.54  1.04005  1.67406  1.60016  -0.733165  -0.568822  -1.09917  0.307264  
9.55  1.03272  1.66838  1.58917  -0.733165  -0.568822  -1.09917  0.307264  
9.56  1.02539  1.66269  1.57817  -0.733165  -0.568822  -1.09917  0.307264  
9.57  1.01806  1.657  1.56718  -0.733165  -0.568822  -1.09917  0.307264  
9.58  1.01072  1.65131  1.55619  -0.733165  -0.568822  -1.09917  0.307264  
9.59  1.00339  1.64562  1.5452  -0.733165  -0.568822  -1.09917  0.307264  
9.6  0.996061  1.63993  1.53421  -0.733165  -0.568822  -1.09917  0.307264  
9.61  0.988729  1.63425  1.52321  -0.733165  -0.568822  -1.09917  0.307264  
9.62  0.981398  1.62856  1.51222  -0.733165  -0.568822  -1.09917  0.307264  
9.63  0.974066  1.62287  1.50123  -0.733165  -0.568822  -1.09917  0.307264  
9.64  0.966734  1.61718  1.49024  -0.733165  -0.568822  -1.09917  0.307264  
9.65  0.959403  1.61149  1.47925  -0.733165  -0.568822  -1.09917  0.307264  
9.66  0.952071  1.60581  1.46826  -0.733165  -0.568822  -1.09917  0.307264  
9.67  0.944739  1.60012  1.45726  -0.733165  -0.568822  -1.09917  0.307264  
9.68  0.937408  1.59443  1.44627  -0.733165  -0.568822  -1.09917  0.307264  
9.69  0.930076  1.58874  1.43528  -0.733165  -0.568822  -1.09917  0.307264  
9.7  0.922744  1.58305  1.42429  -0.733165  -0.568822  -1.09917  0.307264  
9.71  0.915413  1.57736  1.4133  -0.733165  -0.568822  -1.09917  0.307264  
9.72  0.908081  1.57168  1.40231  -0.733165  -0.568822  -1.09917  0.307264  
9.73  0.90075  1.56599  1.39131  -0.733165  -0.568822  -1.09917  0.307264  
9.74  0.893418  1.5603  1.38032  -0.733165  -0.568822  -1.09917  0.307264  
9.75  0.886086  1.55461  1.36933  -0.733165  -0.568822  -1.09917  0.307264  
9.76  0.878755  1.54892  1.35834  -0.733165  -0.568822  -1.09917  0.307264  
9.77  0.871423  1.54324  1.34735  -0.733165  -0.568822  -1.09917  0.307264  
9.78  0.864091  1.53755  1.33636  -0.733165  -0.568822  -1.09917  0.307264  
9.79  0.85676  1.53186  1.32536  -0.733165  -0.568822  -1.09917  0.307264  
9.8  0.849428  1.52617  1.31437  -0.733165  -0.568822  -1.09917  0.307264  
9.81  0.842096  1.52048  1.30338  -0.733165  -0.568822  -1.09917  0.307264  
9.82  0.834765  1.51479  1.29239  -0.733165  -0.568822  -1.09917  0.307264  
9.83  0.827433  1.50911  1.2814  -0.733165  -0.568822  -1.09917  0.307264  
9.84  0.820101  1.50342  1.27041  -0.733165  -0.568822  -1.09917  0.307264  
9.85  0.81277  1.49773  1.25941  -0.733165  -0.568822  -1.09917  0.307264  
9.86  0.805438  1.49204  1.24842  -0.733165  -0.568822  -1.09917  0.307264  
9.87  0.798106  1.48635  1.23743  -0.733165  -0.568822  -1.09917  0.307264  
9.88  0.790775  1.48066  1.22644  -0.733165  -0.568822  -1.09917  0.307264  
9.89  0.783443  1.47498  1.21545  -0.733165  -0.568822  -1.09917  0.307264  
9.9  0.776111  1.46929  1.20446  -0.733165  -0.568822  -1.09917  0.307264  
9.91  0.76878  1.4636  1.19346  -0.733165  -0.568822  -1.09917  0.307264  
9.92  0.761448  1.45791  1.18247  -0.733165  -0.568822  -1.09917  0.307264  
9.93  0.754116  1.45222  1.17148  -0.733165  -0.568822  -1.09917  0.307264  
9.94  0.746785  1.44654  1.16049  -0.733165  -0.568822  -1.09917  0.307264  
9.95  0.739453  1.44085  1.1495  -0.733165  -0.568822  -1.09917  0.307264  
9.96  0.732122  1.43516  1.13851  -0.733165  -0.568822  -1.09917  0.307264  
9.97  0.72479  1.42947  1.12751  -0.733165  -0.568822  -1.09917  0.307264  
9.98  0.717458  1.42378  1.11652  -0.733165  -0.568822  -1.09917  0.307264  
9.99  0.710127  1.41809  1.10553  -0.733165  -0.568822  -1.09917  0.307264  
